0 0
0 -4.905e-06
7.07709e-07 -1.962e-05
2.83131e-06 -4.41109e-05
6.37083e-06 -7.83165e-05
1.13261e-05 -0.000122197
1.76979e-05 -0.000175735
2.5488e-05 -0.000238918
3.46981e-05 -0.000311739
4.53304e-05 -0.000394193
5.73871e-05 -0.000486274
7.08707e-05 -0.00058798
8.57836e-05 -0.000699308
0.000102128 -0.000820255
0.000119907 -0.000950819
0.000139124 -0.001091
0.000159779 -0.00124079
0.000181877 -0.00140019
0.000205421 -0.00156921
0.000230411 -0.00174783
0.000256853 -0.00193606
0.000284748 -0.0021339
0.000314098 -0.00234134
0.000344908 -0.00255839
0.000377179 -0.00278504
0.000410915 -0.00302129
0.000446119 -0.00326714
0.000482793 -0.00352259
0.00052094 -0.00378764
0.000560563 -0.00406229
0.000601665 -0.00434653
0.000644249 -0.00464037
0.000688318 -0.00494381
0.000733875 -0.00525684
0.000780923 -0.00557946
0.000829465 -0.00591167
0.000879503 -0.00625348
0.000931042 -0.00660488
0.000984083 -0.00696587
0.00103863 -0.00733644
0.00109469 -0.00771661
0.00115226 -0.00810636
0.00121134 -0.00850569
0.00127194 -0.00891462
0.00133407 -0.00933313
0.00139772 -0.00976122
0.00146289 -0.0101989
0.0015296 -0.0106461
0.00159784 -0.011103
0.00166762 -0.0115694
0.00173894 -0.0120454
0.0018118 -0.012531
0.00188621 -0.0130261
0.00196217 -0.0135309
0.00203968 -0.0140452
0.00211875 -0.0145691
0.00219938 -0.0151025
0.00228158 -0.0156456
0.00236533 -0.0161982
0.00245066 -0.0167603
0.00253757 -0.0173321
0.00262605 -0.0179134
0.00271611 -0.0185043
0.00280775 -0.0191048
0.00290098 -0.0197148
0.0029958 -0.0203344
0.00309221 -0.0209635
0.00319022 -0.0216023
0.00328983 -0.0222506
0.00339104 -0.0229084
0.00349387 -0.0235758
0.0035983 -0.0242528
0.00370434 -0.0249394
0.00381201 -0.0256355
0.00392129 -0.0263411
0.0040322 -0.0270563
0.00414474 -0.0277811
0.00425892 -0.0285154
0.00437472 -0.0292593
0.00449217 -0.0300128
0.00461126 -0.0307758
0.00473199 -0.0315483
0.00485438 -0.0323304
0.00497842 -0.0331221
0.00510411 -0.0339233
0.00523147 -0.034734
0.00536049 -0.0355543
0.00549119 -0.0363842
0.00562355 -0.0372236
0.00575759 -0.0380725
0.00589331 -0.038931
0.00603071 -0.0397991
0.0061698 -0.0406766
0.00631058 -0.0415638
0.00645306 -0.0424604
0.00659724 -0.0433666
0.00674311 -0.0442823
0.0068907 -0.0452076
0.00703999 -0.0461424
0.007191 -0.0470868
0.00734373 -0.0480407
0.00749818 -0.0490041
0.00765435 -0.0499771
0.00781226 -0.0509595
0.0079719 -0.0519516
0.00813328 -0.0529531
0.0082964 -0.0539642
0.00846126 -0.0549848
0.00862788 -0.0560149
0.00879625 -0.0570546
0.00896638 -0.0581038
0.00913827 -0.0591625
0.00931192 -0.0602307
0.00948735 -0.0613085
0.00966455 -0.0623957
0.00984353 -0.0634925
0.0100243 -0.0645989
0.0102068 -0.0657147
0.0103912 -0.06684
0.0105773 -0.0679749
0.0107653 -0.0691193
0.010955 -0.0702732
0.0111465 -0.0714366
0.0113399 -0.0726095
0.0115351 -0.073792
0.0117321 -0.0749839
0.0119309 -0.0761854
0.0121316 -0.0773963
0.0123341 -0.0786168
0.0125384 -0.0798467
0.0127445 -0.0810862
0.0129526 -0.0823352
0.0131624 -0.0835937
0.0133742 -0.0848617
0.0135877 -0.0861391
0.0138032 -0.0874261
0.0140205 -0.0887226
0.0142397 -0.0900286
0.0144608 -0.091344
0.0146837 -0.092669
0.0149086 -0.0940034
0.0151353 -0.0953474
0.0153639 -0.0967008
0.0155945 -0.0980637
0.0158269 -0.0994361
0.0160612 -0.100818
0.0162975 -0.102209
0.0165357 -0.10361
0.0167758 -0.105021
0.0170178 -0.10644
0.0172618 -0.10787
0.0175077 -0.109309
0.0177556 -0.110757
0.0180054 -0.112215
0.0182571 -0.113682
0.0185108 -0.115159
0.0187665 -0.116645
0.0190241 -0.11814
0.0192838 -0.119645
0.0195453 -0.12116
0.0198089 -0.122684
0.0200745 -0.124218
0.020342 -0.125761
0.0206116 -0.127313
0.0208831 -0.128875
0.0211567 -0.130446
0.0214323 -0.132027
0.0217098 -0.133617
0.0219894 -0.135217
0.0222711 -0.136826
0.0225547 -0.138445
0.0228405 -0.140073
0.0231282 -0.141711
0.023418 -0.143358
0.0237098 -0.145014
0.0240037 -0.14668
0.0242997 -0.148355
0.0245977 -0.15004
0.0248979 -0.151734
0.0252 -0.153438
0.0255043 -0.155151
0.0258107 -0.156874
0.0261191 -0.158606
0.0264297 -0.160347
0.0267423 -0.162098
0.0270571 -0.163858
0.027374 -0.165628
0.027693 -0.167407
0.0280141 -0.169196
0.0283374 -0.170994
0.0286628 -0.172801
0.0289903 -0.174618
0.02932 -0.176445
0.0296519 -0.17828
0.0299859 -0.180125
0.0303221 -0.18198
0.0306604 -0.183844
0.0310009 -0.185717
0.0313436 -0.1876
0.0316885 -0.189492
0.0320356 -0.191394
0.0323849 -0.193305
0.0327364 -0.195225
0.0330901 -0.197155
0.033446 -0.199095
0.0338041 -0.201043
0.0341645 -0.203001
0.0345271 -0.204969
0.0348919 -0.206946
0.035259 -0.208932
0.0356283 -0.210927
0.0359999 -0.212932
0.0363737 -0.214947
0.0367498 -0.216971
0.0371282 -0.219004
0.0375089 -0.221047
0.0378919 -0.223099
0.0382771 -0.22516
0.0386646 -0.227231
0.0390545 -0.229311
0.0394466 -0.2314
0.0398411 -0.233499
0.0402379 -0.235607
0.040637 -0.237725
0.0410385 -0.239852
0.0414423 -0.241988
0.0418485 -0.244134
0.042257 -0.246289
0.0426678 -0.248454
0.043081 -0.250627
0.0434966 -0.252811
0.0439146 -0.255003
0.044335 -0.257205
0.0447577 -0.259416
0.0451829 -0.261637
0.0456104 -0.263867
0.0460404 -0.266106
0.0464728 -0.268355
0.0469076 -0.270613
0.0473448 -0.27288
0.0477844 -0.275157
0.0482266 -0.277443
0.0486711 -0.279738
0.0491181 -0.282043
0.0495676 -0.284357
0.0500195 -0.28668
0.0504739 -0.289013
0.0509308 -0.291355
0.0513902 -0.293706
0.0518521 -0.296067
0.0523165 -0.298437
0.0527834 -0.300816
0.0532528 -0.303204
0.0537247 -0.305602
0.0541991 -0.30801
0.0546761 -0.310426
0.0551556 -0.312852
0.0556377 -0.315287
0.0561223 -0.317732
0.0566095 -0.320185
0.0570993 -0.322648
0.0575916 -0.325121
0.0580866 -0.327602
0.0585841 -0.330093
0.0590842 -0.332594
0.0595869 -0.335103
0.0600922 -0.337622
0.0606002 -0.34015
0.0611107 -0.342687
0.0616239 -0.345234
0.0621398 -0.34779
0.0626583 -0.350355
0.0631794 -0.35293
0.0637032 -0.355513
0.0642297 -0.358106
0.0647588 -0.360709
0.0652907 -0.36332
0.0658252 -0.365941
0.0663624 -0.368571
0.0669023 -0.371211
0.067445 -0.373859
0.0679903 -0.376517
0.0685384 -0.379184
0.0690892 -0.38186
0.0696428 -0.384546
0.0701991 -0.387241
0.0707581 -0.389945
0.07132 -0.392658
0.0718846 -0.395381
0.0724519 -0.398113
0.0730221 -0.400854
0.0735951 -0.403604
0.0741708 -0.406363
0.0747494 -0.409132
0.0753308 -0.41191
0.075915 -0.414697
0.076502 -0.417494
0.0770919 -0.420299
0.0776847 -0.423114
0.0782803 -0.425938
0.0788787 -0.428771
0.0794801 -0.431614
0.0800843 -0.434465
0.0806914 -0.437326
0.0813014 -0.440196
0.0819143 -0.443075
0.0825301 -0.445964
0.0831488 -0.448861
0.0837705 -0.451768
0.084395 -0.454684
0.0850226 -0.457609
0.0856531 -0.460543
0.0862865 -0.463487
0.0869229 -0.466439
0.0875623 -0.469401
0.0882047 -0.472372
0.0888501 -0.475352
0.0894984 -0.478342
0.0901498 -0.48134
0.0908042 -0.484348
0.0914617 -0.487364
0.0921221 -0.49039
0.0927856 -0.493425
0.0934522 -0.49647
0.0941218 -0.499523
0.0947945 -0.502586
0.0954702 -0.505657
0.0961491 -0.508738
0.096831 -0.511828
0.097516 -0.514927
0.0982042 -0.518035
0.0988954 -0.521152
0.0995898 -0.524279
0.100287 -0.527414
0.100988 -0.530559
0.101692 -0.533712
0.102399 -0.536875
0.103109 -0.540047
0.103822 -0.543228
0.104539 -0.546418
0.105259 -0.549617
0.105982 -0.552826
0.106708 -0.556043
0.107437 -0.559269
0.10817 -0.562505
0.108906 -0.56575
0.109645 -0.569003
0.110387 -0.572266
0.111133 -0.575538
0.111882 -0.578819
0.112634 -0.582109
0.113389 -0.585408
0.114148 -0.588716
0.11491 -0.592033
0.115676 -0.595359
0.116444 -0.598694
0.117216 -0.602038
0.117992 -0.605392
0.118771 -0.608754
0.119553 -0.612125
0.120339 -0.615506
0.121127 -0.618895
0.12192 -0.622294
0.122716 -0.625701
0.123515 -0.629117
0.124317 -0.632543
0.125123 -0.635977
0.125933 -0.639421
0.126746 -0.642873
0.127562 -0.646335
0.128382 -0.649805
0.129206 -0.653284
0.130032 -0.656773
0.130863 -0.66027
0.131697 -0.663777
0.132534 -0.667292
0.133375 -0.670816
0.134219 -0.67435
0.135067 -0.677892
0.135919 -0.681443
0.136774 -0.685003
0.137633 -0.688572
0.138495 -0.69215
0.139361 -0.695737
0.140231 -0.699333
0.141104 -0.702938
0.141981 -0.706552
0.142861 -0.710175
0.143745 -0.713806
0.144633 -0.717447
0.145524 -0.721096
0.14642 -0.724755
0.147318 -0.728422
0.148221 -0.732098
0.149127 -0.735783
0.150037 -0.739477
0.150951 -0.74318
0.151868 -0.746892
0.152789 -0.750612
0.153714 -0.754342
0.154643 -0.75808
0.155575 -0.761828
0.156512 -0.765584
0.157452 -0.769349
0.158396 -0.773123
0.159343 -0.776905
0.160295 -0.780697
0.16125 -0.784497
0.16221 -0.788307
0.163173 -0.792125
0.16414 -0.795952
0.165111 -0.799787
0.166086 -0.803632
0.167064 -0.807485
0.168047 -0.811348
0.169034 -0.815219
0.170024 -0.819098
0.171019 -0.822987
0.172017 -0.826885
0.173019 -0.830791
0.174026 -0.834706
0.175036 -0.83863
0.176051 -0.842562
0.177069 -0.846503
0.178092 -0.850454
0.179118 -0.854412
0.180149 -0.85838
0.181183 -0.862356
0.182222 -0.866342
0.183265 -0.870335
0.184312 -0.874338
0.185363 -0.878349
0.186418 -0.882369
0.187477 -0.886398
0.18854 -0.890436
0.189608 -0.894482
0.19068 -0.898537
0.191756 -0.902601
0.192836 -0.906673
0.19392 -0.910754
0.195009 -0.914844
0.196101 -0.918942
0.197198 -0.923049
0.198299 -0.927165
0.199405 -0.93129
0.200515 -0.935423
0.201629 -0.939565
0.202747 -0.943715
0.20387 -0.947874
0.204997 -0.952042
0.206128 -0.956218
0.207263 -0.960404
0.208403 -0.964597
0.209548 -0.968799
0.210696 -0.97301
0.211849 -0.97723
0.213007 -0.981458
0.214169 -0.985695
0.215335 -0.98994
0.216506 -0.994194
0.217681 -0.998457
0.218861 -1.00273
0.220045 -1.00701
0.221233 -1.0113
0.222427 -1.01559
0.223624 -1.0199
0.224826 -1.02421
0.226033 -1.02853
0.227244 -1.03287
0.22846 -1.0372
0.22968 -1.04155
0.230905 -1.04591
0.232135 -1.05027
0.233369 -1.05465
0.234608 -1.05903
0.235851 -1.06342
0.237099 -1.06782
0.238352 -1.07223
0.239609 -1.07664
0.240871 -1.08107
0.242138 -1.0855
0.243409 -1.08994
0.244685 -1.09439
0.245966 -1.09885
0.247251 -1.10332
0.248542 -1.10779
0.249837 -1.11228
0.251137 -1.11677
0.252442 -1.12127
0.253751 -1.12578
0.255065 -1.1303
0.256384 -1.13482
0.257708 -1.13936
0.259037 -1.1439
0.260371 -1.14845
0.26171 -1.15301
0.263053 -1.15758
0.264402 -1.16215
0.265755 -1.16674
0.267113 -1.17133
0.268476 -1.17593
0.269844 -1.18054
0.271218 -1.18516
0.272596 -1.18979
0.273979 -1.19442
0.275367 -1.19906
0.27676 -1.20372
0.278158 -1.20837
0.279562 -1.21304
0.28097 -1.21772
0.282383 -1.2224
0.283802 -1.2271
0.285226 -1.2318
0.286654 -1.23651
0.288088 -1.24122
0.289527 -1.24595
0.290971 -1.25068
0.292421 -1.25542
0.293875 -1.26018
0.295335 -1.26493
0.2968 -1.2697
0.29827 -1.27448
0.299745 -1.27926
0.301226 -1.28405
0.302712 -1.28885
0.304203 -1.29366
0.3057 -1.29847
0.307202 -1.3033
0.308709 -1.30813
0.310221 -1.31297
0.311739 -1.31782
0.313262 -1.32268
0.314791 -1.32754
0.316325 -1.33241
0.317864 -1.33729
0.319409 -1.34218
0.320959 -1.34708
0.322515 -1.35199
0.324076 -1.3569
0.325643 -1.36182
0.327215 -1.36675
0.328792 -1.37169
0.330375 -1.37663
0.331964 -1.38159
0.333558 -1.38655
0.335158 -1.39152
0.336763 -1.3965
0.338374 -1.40148
0.339991 -1.40648
0.341613 -1.41148
0.343241 -1.41649
0.344874 -1.4215
0.346513 -1.42653
0.348158 -1.43156
0.349808 -1.43661
0.351464 -1.44165
0.353126 -1.44671
0.354794 -1.45178
0.356467 -1.45685
0.358146 -1.46193
0.359831 -1.46702
0.361522 -1.47212
0.363218 -1.47722
0.36492 -1.48234
0.366628 -1.48746
0.368342 -1.49259
0.370062 -1.49772
0.371788 -1.50287
0.373519 -1.50802
0.375257 -1.51318
0.377 -1.51835
0.37875 -1.52352
0.380505 -1.5287
0.382266 -1.5339
0.384033 -1.53909
0.385806 -1.5443
0.387585 -1.54952
0.389371 -1.55474
0.391162 -1.55997
0.392959 -1.56521
0.394763 -1.57045
0.396572 -1.5757
0.398388 -1.58096
0.400209 -1.58623
0.402037 -1.59151
0.403871 -1.59679
0.405711 -1.60208
0.407557 -1.60738
0.409409 -1.61269
0.411268 -1.61801
0.413133 -1.62333
0.415004 -1.62866
0.416881 -1.634
0.418765 -1.63934
0.420654 -1.64469
0.422551 -1.65005
0.424453 -1.65542
0.426362 -1.6608
0.428277 -1.66618
0.430198 -1.67157
0.432126 -1.67697
0.43406 -1.68237
0.436001 -1.68779
0.437947 -1.69321
0.439901 -1.69864
0.441861 -1.70407
0.443827 -1.70951
0.4458 -1.71497
0.447779 -1.72042
0.449765 -1.72589
0.451757 -1.73136
0.453755 -1.73684
0.455761 -1.74233
0.457773 -1.74783
0.459791 -1.75333
0.461816 -1.75884
0.463848 -1.76436
0.465886 -1.76988
0.467931 -1.77541
0.469982 -1.78095
0.472041 -1.7865
0.474105 -1.79205
0.476177 -1.79762
0.478255 -1.80318
0.48034 -1.80876
0.482432 -1.81434
0.484531 -1.81993
0.486636 -1.82553
0.488748 -1.83114
0.490867 -1.83675
0.492993 -1.84237
0.495125 -1.848
0.497264 -1.85363
0.499411 -1.85927
0.501564 -1.86492
0.503724 -1.87058
0.505891 -1.87624
0.508065 -1.88191
0.510246 -1.88759
0.512433 -1.89327
0.514628 -1.89896
0.51683 -1.90466
0.519039 -1.91037
0.521254 -1.91608
0.523477 -1.9218
0.525707 -1.92753
0.527944 -1.93326
0.530188 -1.939
0.532439 -1.94475
0.534697 -1.95051
0.536963 -1.95627
0.539235 -1.96204
0.541515 -1.96781
0.543802 -1.9736
0.546096 -1.97939
0.548397 -1.98518
0.550706 -1.99099
0.553021 -1.9968
0.555344 -2.00262
0.557675 -2.00844
0.560012 -2.01427
0.562357 -2.02011
0.564709 -2.02596
0.567069 -2.03181
0.569435 -2.03767
0.57181 -2.04353
0.574191 -2.04941
0.57658 -2.05529
0.578976 -2.06117
0.58138 -2.06707
0.583791 -2.07297
0.58621 -2.07887
0.588636 -2.08479
0.59107 -2.09071
0.593511 -2.09663
0.59596 -2.10257
0.598416 -2.10851
0.60088 -2.11446
0.603351 -2.12041
0.60583 -2.12637
0.608317 -2.13234
0.610811 -2.13831
0.613312 -2.14429
0.615822 -2.15028
0.618339 -2.15627
0.620864 -2.16227
0.623396 -2.16828
0.625936 -2.17429
0.628484 -2.18031
0.63104 -2.18634
0.633603 -2.19237
0.636174 -2.19841
0.638753 -2.20446
0.64134 -2.21051
0.643934 -2.21657
0.646537 -2.22263
0.649147 -2.22871
0.651765 -2.23478
0.654391 -2.24087
0.657025 -2.24696
0.659666 -2.25306
0.662316 -2.25916
0.664973 -2.26527
0.667639 -2.27139
0.670313 -2.27751
0.672994 -2.28364
0.675684 -2.28978
0.678381 -2.29592
0.681087 -2.30207
0.6838 -2.30822
0.686522 -2.31438
0.689252 -2.32055
0.691989 -2.32672
0.694735 -2.3329
0.697489 -2.33909
0.700252 -2.34528
0.703022 -2.35148
0.705801 -2.35768
0.708587 -2.36389
0.711382 -2.37011
0.714185 -2.37633
0.716997 -2.38256
0.719816 -2.38879
0.722644 -2.39503
0.72548 -2.40128
0.728325 -2.40753
0.731177 -2.41379
0.734038 -2.42006
0.736908 -2.42633
0.739786 -2.4326
0.742672 -2.43889
0.745566 -2.44518
0.748469 -2.45147
0.751381 -2.45777
0.7543 -2.46408
0.757228 -2.47039
0.760165 -2.47671
0.76311 -2.48303
0.766064 -2.48936
0.769026 -2.4957
0.771997 -2.50204
0.774976 -2.50839
0.777963 -2.51474
0.78096 -2.5211
0.783965 -2.52747
0.786978 -2.53384
0.79 -2.54021
0.793031 -2.5466
0.79607 -2.55299
0.799118 -2.55938
0.802175 -2.56578
0.80524 -2.57218
0.808314 -2.57859
0.811397 -2.58501
0.814488 -2.59143
0.817588 -2.59786
0.820697 -2.60429
0.823815 -2.61073
0.826942 -2.61718
0.830077 -2.62363
0.833221 -2.63008
0.836374 -2.63654
0.839536 -2.64301
0.842706 -2.64948
0.845886 -2.65596
0.849074 -2.66244
0.852272 -2.66893
0.855478 -2.67542
0.858693 -2.68192
0.861917 -2.68843
0.86515 -2.69494
0.868392 -2.70145
0.871643 -2.70797
0.874903 -2.7145
0.878172 -2.72103
0.88145 -2.72757
0.884738 -2.73411
0.888034 -2.74065
0.891339 -2.74721
0.894653 -2.75376
0.897977 -2.76033
0.901309 -2.76689
0.904651 -2.77347
0.908002 -2.78005
0.911362 -2.78663
0.914731 -2.79322
0.918109 -2.79981
0.921497 -2.80641
0.924893 -2.81301
0.928299 -2.81962
0.931715 -2.82624
0.935139 -2.83286
0.938573 -2.83948
0.942016 -2.84611
0.945468 -2.85274
0.94893 -2.85938
0.952401 -2.86603
0.955881 -2.87267
0.95937 -2.87933
0.962869 -2.88599
0.966378 -2.89265
0.969895 -2.89932
0.973423 -2.90599
0.976959 -2.91267
0.980505 -2.91935
0.984061 -2.92604
0.987625 -2.93273
0.9912 -2.93943
0.994784 -2.94613
0.998377 -2.95284
1.00198 -2.95955
1.00559 -2.96627
1.00921 -2.97299
1.01285 -2.97971
1.01649 -2.98644
1.02014 -2.99318
1.0238 -2.99992
1.02747 -3.00666
1.03115 -3.01341
1.03484 -3.02016
1.03853 -3.02692
1.04224 -3.03368
1.04596 -3.04045
1.04969 -3.04722
1.05343 -3.054
1.05717 -3.06078
1.06093 -3.06756
1.0647 -3.07435
1.06847 -3.08115
1.07226 -3.08794
1.07605 -3.09475
1.07986 -3.10155
1.08367 -3.10836
1.0875 -3.11518
1.09133 -3.122
1.09518 -3.12882
1.09903 -3.13565
1.1029 -3.14248
1.10677 -3.14932
1.11066 -3.15616
1.11455 -3.16301
1.11845 -3.16986
1.12237 -3.17671
1.12629 -3.18357
1.13023 -3.19043
1.13417 -3.1973
1.13812 -3.20417
1.14209 -3.21104
1.14606 -3.21792
1.15004 -3.2248
1.15404 -3.23169
1.15804 -3.23858
1.16205 -3.24547
1.16608 -3.25237
1.17011 -3.25927
1.17416 -3.26618
1.17821 -3.27309
1.18227 -3.28
1.18635 -3.28692
1.19043 -3.29384
1.19453 -3.30077
1.19863 -3.30769
1.20274 -3.31463
1.20687 -3.32156
1.211 -3.32851
1.21515 -3.33545
1.2193 -3.3424
1.22347 -3.34935
1.22764 -3.35631
1.23183 -3.36326
1.23603 -3.37023
1.24023 -3.37719
1.24445 -3.38416
1.24868 -3.39114
1.25291 -3.39812
1.25716 -3.4051
1.26142 -3.41208
1.26569 -3.41907
1.26996 -3.42606
1.27425 -3.43306
1.27855 -3.44005
1.28286 -3.44706
1.28718 -3.45406
1.29151 -3.46107
1.29585 -3.46808
1.3002 -3.4751
1.30456 -3.48212
1.30893 -3.48914
1.31332 -3.49617
1.31771 -3.50319
1.32211 -3.51023
1.32652 -3.51726
1.33095 -3.5243
1.33538 -3.53134
1.33983 -3.53839
1.34428 -3.54544
1.34875 -3.55249
1.35322 -3.55954
1.35771 -3.5666
1.36221 -3.57366
1.36672 -3.58073
1.37123 -3.5878
1.37576 -3.59487
1.3803 -3.60194
1.38485 -3.60902
1.38941 -3.61609
1.39398 -3.62318
1.39857 -3.63026
1.40316 -3.63735
1.40776 -3.64444
1.41237 -3.65154
1.417 -3.65863
1.42163 -3.66573
1.42628 -3.67284
1.43094 -3.67994
1.4356 -3.68705
1.44028 -3.69416
1.44497 -3.70128
1.44967 -3.70839
1.45438 -3.71551
1.4591 -3.72264
1.46383 -3.72976
1.46857 -3.73689
1.47332 -3.74402
1.47809 -3.75115
1.48286 -3.75829
1.48764 -3.76543
1.49244 -3.77257
1.49725 -3.77971
1.50206 -3.78686
1.50689 -3.79401
1.51173 -3.80116
1.51658 -3.80831
1.52144 -3.81547
1.52631 -3.82263
1.53119 -3.82979
1.53609 -3.83695
1.54099 -3.84412
1.54591 -3.85128
1.55083 -3.85845
1.55577 -3.86563
1.56071 -3.8728
1.56567 -3.87998
1.57064 -3.88716
1.57562 -3.89434
1.58061 -3.90153
1.58562 -3.90871
1.59063 -3.9159
1.59565 -3.92309
1.60069 -3.93029
1.60573 -3.93748
1.61079 -3.94468
1.61586 -3.95188
1.62094 -3.95908
1.62602 -3.96628
1.63113 -3.97349
1.63624 -3.9807
1.64136 -3.98791
1.64649 -3.99512
1.65164 -4.00233
1.65679 -4.00955
1.66196 -4.01677
1.66714 -4.02398
1.67233 -4.03121
1.67753 -4.03843
1.68274 -4.04565
1.68796 -4.05288
1.69319 -4.06011
1.69844 -4.06734
1.70369 -4.07457
1.70896 -4.08181
1.71424 -4.08904
1.71953 -4.09628
1.72483 -4.10352
1.73014 -4.11076
1.73546 -4.118
1.74079 -4.12525
1.74614 -4.13249
1.75149 -4.13974
1.75686 -4.14699
1.76224 -4.15424
1.76763 -4.16149
1.77303 -4.16874
1.77844 -4.176
1.78386 -4.18326
1.78929 -4.19051
1.79474 -4.19777
1.8002 -4.20503
1.80566 -4.21229
1.81114 -4.21956
1.81663 -4.22682
1.82213 -4.23409
1.82765 -4.24136
1.83317 -4.24862
1.8387 -4.25589
1.84425 -4.26317
1.84981 -4.27044
1.85538 -4.27771
1.86096 -4.28499
1.86655 -4.29226
1.87215 -4.29954
